x	y
0,420	0,016
0,449	0,076
0,469	0,123
0,481	0,183
0,485	0,313
0,507	0,460
0,522	0,600
0,525	0,206
0,529	0,338
0,529	0,286
0,531	0,461
0,532	0,171
0,532	0,144
0,532	0,128
0,532	0,103
0,534	0,084
0,534	0,071
0,534	0,060
0,534	0,056
0,548	0,096
0,552	0,118
0,559	0,137
0,570	0,176
0,575	0,216
0,591	0,259
0,591	0,312
0,601	0,357
0,601	0,427
0,616	0,493
0,621	0,590
0,633	0,684
0,651	0,879
0,664	1,047
0,672	1,287
0,699	1,506
0,709	1,679
0,733	1,780
0,733	1,960
0,733	2,148
0,756	2,328
0,756	2,557
0,775	2,670
0,775	3,105
0,782	3,258
0,794	3,524
0,821	3,783
0,826	4,140
0,852	4,489
0,889	5,015
0,908	5,339
0,958	6,833
1,012	8,624
1,076	9,776
1,114	10,974
1,156	12,259
1,213	13,554
1,341	14,747
1,378	15,047
1,427	15,694
1,494	15,796
1,541	15,630
1,614	15,630
1,740	15,630
1,858	14,539
2,020	13,232
2,150	12,133
2,185	11,887
2,242	11,391
2,251	11,251
2,270	11,160
2,270	11,114
2,279	10,978
2,298	10,889
2,345	10,668
2,355	10,668
2,365	10,625
2,374	10,581
2,404	10,495
2,404	10,452
2,463	10,198
2,474	10,157
2,535	9,870
2,546	9,789
2,546	9,749
2,556	9,709
2,556	9,670
2,556	9,552
2,556	9,513
2,556	9,474
2,609	9,244
2,609	9,206
2,609	9,168
2,746	8,230
2,903	7,435
2,916	7,369
2,964	7,190
2,964	7,161
2,976	7,161
2,976	7,132
3,001	6,987
3,001	6,958
3,001	6,930
3,025	6,845
3,063	6,707
3,088	6,625
3,088	6,598
3,101	6,571
3,126	6,491
3,139	6,491
3,152	6,464
3,165	6,464
3,204	6,385
3,243	6,281
3,243	6,256
3,270	6,230
3,270	6,205
3,270	6,154
3,311	6,029
3,324	5,956
3,365	5,883
3,365	5,859
3,379	5,811
3,379	5,787
3,435	5,670
3,449	5,647
3,492	5,555
3,535	5,465
3,549	5,465
3,549	5,443
3,564	5,443
3,593	5,398
3,608	5,376
3,608	5,332
3,623	5,332
3,698	5,203
3,713	5,203
3,743	5,160
3,743	5,139
3,805	5,035
3,805	5,015
3,805	4,994
3,821	4,953
3,821	4,933
3,900	4,813
3,900	4,794
3,932	4,755
3,980	4,677
3,997	4,677
4,063	4,583
4,113	4,545
4,181	4,453
4,233	4,417
4,250	4,399
4,320	4,327
4,320	4,310
4,374	4,257
4,392	4,257
4,428	4,222
4,428	4,205
4,464	4,171
4,482	4,171
4,538	4,103
4,557	4,103
4,594	4,070
4,613	4,070
4,728	4,020
4,728	4,003
4,766	4,003
4,806	3,987
4,825	3,987
4,925	3,938
4,945	3,938
5,048	3,890
5,089	3,874
5,195	3,811
5,195	3,796
5,216	3,796
5,346	3,780
5,368	3,765
5,569	3,719
5,592	3,719
5,684	3,704
5,684	3,689
5,874	3,674
5,898	3,674
5,898	3,659
6,045	3,644
6,246	3,644
6,375	3,644
6,375	3,629
6,454	3,629
6,480	3,629
6,480	3,614
6,534	3,614
6,534	3,599
6,642	3,555
6,669	3,555
6,696	3,541
6,724	3,526
6,835	3,483
6,863	3,483
6,948	3,455
6,948	3,426
6,948	3,412
6,976	3,343
7,005	3,330
7,005	3,316
7,121	3,236
7,121	3,222
7,150	3,209
7,150	3,196
7,328	3,106
7,358	3,093
7,510	3,030
7,541	3,018
7,572	3,006
7,572	2,993
7,603	2,981
7,921	2,885
8,118	2,827
8,118	2,815
8,184	2,758
8,184	2,747
8,184	2,736
8,218	2,736
8,354	2,658
8,388	2,647
8,492	2,594
8,527	2,583
8,703	2,510
8,811	2,479
8,847	2,469
9,030	2,429
9,030	2,419
9,067	2,419
9,446	2,361
9,524	2,361
9,524	2,351
9,760	2,351
9,760	2,341
10,086	2,284
10,127	2,275
10,169	2,275
10,294	2,266
10,336	2,266
10,681	2,247
10,725	2,247
10,857	2,238
11,037	2,220
11,357	2,175
11,404	2,175
11,451	2,175
11,640	2,175
11,688	2,175
11,736	2,175
11,881	2,175
12,127	2,175
12,327	2,175
12,479	2,175
12,531	2,175
12,895	2,175
13,108	2,175
13,162	2,175
13,270	2,175
13,379	2,175
13,545	2,175
13,768	2,175
13,825	2,175
14,111	2,175
14,344	2,175
14,641	2,175
14,944	2,175
15,005	2,175
15,253	2,175
15,890	2,175
16,286	2,184
16,555	2,193
17,036	2,202
17,247	2,211
17,389	2,211
17,460	2,211
18,042	2,211
18,116	2,230
18,265	2,230
18,490	2,259
18,643	2,287
18,873	2,306
19,185	2,306
19,263	2,306
19,824	2,306
20,069	2,306
20,151	2,306
20,400	2,306
20,484	2,306
20,822	2,288
20,908	2,288
21,080	2,288
21,166	2,288
21,604	2,288
21,693	2,288
22,507	2,288
22,973	2,288
23,162	2,288
23,641	2,288
23,738	2,288
24,130	2,288
24,229	2,288
25,036	2,241
25,139	2,241
25,139	2,232
25,242	2,232
25,659	2,232
26,083	2,223
26,190	2,223
26,514	2,214
27,062	2,214
27,964	2,196
28,777	2,196
28,895	2,196
29,858	2,160
30,475	2,125
30,726	2,108
31,234	2,082
31,362	2,073
31,490	2,073
32,406	2,065
32,539	2,065
33,623	2,065
34,039	2,065
34,886	2,065
35,029	2,065
35,317	2,065
36,493	2,056
36,493	2,048
36,493	2,031
36,643	1,990
36,793	1,990
37,863	1,958
38,647	1,942
39,125	1,926
39,285	1,926
40,594	1,895
40,760	1,895
41,604	1,872
42,118	1,872
42,291	1,872
43,343	1,864
44,240	1,864
46,947	1,826
48,545	1,796
48,744	1,796
51,025	1,774
51,235	1,774
51,445	1,774
52,725	1,767
52,725	1,760
54,481	1,738
56,296	1,731
56,527	1,731
56,992	1,717
57,696	1,696
57,933	1,696
59,132	1,662
59,374	1,648
60,851	1,621
62,110	1,595
63,395	1,582
63,656	1,582
65,507	1,563
65,776	1,563
67,967	1,543
69,373	1,543
71,099	1,543
72,867	1,531
73,166	1,525
73,467	1,525
75,914	1,494
76,225	1,494
78,764	1,457
79,087	1,457
79,738	1,434
80,394	1,428
82,057	1,388
82,057	1,382
82,394	1,376
82,732	1,365
83,470	1,365
85,898	1,365
87,316	1,359
90,595	1,348
90,967	1,343
91,340	1,343
95,159	1,316
95,549	1,316
99,952	1,284
100,363	1,278
102,439	1,268
102,859	1,268
107,599	1,247
108,640	1,217
112,791	1,247
113,646	1,197
116,548	1,242
117,507	1,227
117,507	1,222
119,619	1,142
120,109	1,138
124,619	1,110
125,731	1,105
134,160	1,072
136,376	1,064
136,936	1,064
137,498	1,064
143,246	1,055
143,834	1,051
146,210	1,042
146,210	1,038
153,212	0,990
153,212	0,990
161,319	0,973
166,011	0,946
166,692	0,946
168,063	0,938
173,661	0,912
174,374	0,912
182,535	0,882
186,312	0,871
191,731	0,860
199,746	0,846
204,716	0,833
206,399	0,829
208,097	0,823
210,669	0,819
210,669	0,816
216,797	0,799
218,580	0,796
220,378	0,790
221,282	0,790
227,718	0,770
229,591	0,764
230,533	0,761
237,238	0,752
238,212	0,752
240,171	0,749
242,146	0,746
243,140	0,743
249,189	0,733
254,344	0,730
255,388	0,730
263,894	0,722
264,977	0,722
266,065	0,719
272,684	0,701
273,803	0,701
274,927	0,695
282,923	0,684
284,084	0,681
288,776	0,676
289,961	0,676
300,849	0,665
302,084	0,662
305,818	0,659
312,145	0,651
316,004	0,646
319,911	0,641
325,195	0,636
325,195	0,633
325,195	0,630
331,923	0,620
344,624	0,600
351,754	0,595
353,198	0,595
360,505	0,585
378,964	0,585
408,260	0,553
409,935	0,553
425,327	0,538
425,327	0,535
427,073	0,533
428,826	0,533
443,109	0,520
459,747	0,514
461,634	0,514
469,259	0,512
478,967	0,510
488,877	0,504
503,095	0,502
505,160	0,502
511,405	0,502
513,504	0,502
515,611	0,502
530,607	0,495
532,785	0,495
555,059	0,487
561,921	0,485
568,868	0,481
571,202	0,479
580,637	0,474
583,020	0,474
590,227	0,472
592,650	0,472
595,082	0,472
595,082	0,470
604,911	0,466
607,394	0,466
609,886	0,466
627,624	0,455
630,200	0,455
659,241	0,442
661,947	0,440
675,642	0,435
678,414	0,435
698,146	0,433
730,822	0,427
733,821	0,426
736,833	0,426
755,164	0,424
758,263	0,424
789,964	0,419
803,011	0,417
803,011	0,415
829,758	0,409
833,163	0,407
840,016	0,405
850,400	0,402
853,891	0,402
857,395	0,400
860,914	0,400
882,332	0,394
889,589	0,392
889,589	0,391
930,583	0,383
965,524	0,375
969,487	0,375
977,461	0,373
977,461	0,372
1014,863	0,370
1019,029	0,370
1061,631	0,370
1101,493	0,370
1106,013	0,370
1133,528	0,370
1138,181	0,369
1152,252	0,367
1156,980	0,367
1166,496	0,364
1171,284	0,364
1195,516	0,360
1215,263	0,357
1220,251	0,357
1235,336	0,357
1286,981	0,351
1308,238	0,348
1346,287	0,344
1351,812	0,344
1351,812	0,343
1351,812	0,343
1363,873	0,343
1501,036	0,330
1507,196	0,330
1513,382	0,329
1525,829	0,329
1532,091	0,328
1590,717	0,324
1597,245	0,321
1603,801	0,320
1643,701	0,318
1691,506	0,316
1698,447	0,316
1705,418	0,315
1762,221	0,313
1769,453	0,313
1813,474	0,311
1889,289	0,307
1897,043	0,306
1904,827	0,306
1944,237	0,303
1952,216	0,302
2017,240	0,297
2067,424	0,293
2075,909	0,293
2084,428	0,293
2180,483	0,290
2189,432	0,289
2198,417	0,289
2234,730	0,287
2243,900	0,287
2253,110	0,287
2337,709	0,287
2347,304	0,287
2376,323	0,286
2386,074	0,286
2455,473	0,284
2465,549	0,284
2485,827	0,283
2558,127	0,279
2579,167	0,277
2589,751	0,277
2654,179	0,274
2709,092	0,269
2720,211	0,269
2742,584	0,268
2799,326	0,266
2916,355	0,261
2928,323	0,259
2940,341	0,259
3001,174	0,256
3075,839	0,256
3088,460	0,256
3139,475	0,254
3152,358	0,254
3329,345	0,253
3343,010	0,253
3412,174	0,252
3426,175	0,252
3633,384	0,247
3678,303	0,245
3723,777	0,244
3723,777	0,243
3895,377	0,240
3895,377	0,239
3911,362	0,239
3927,415	0,237
3943,531	0,237
4058,228	0,237
4074,881	0,236
4091,606	0,236
4125,258	0,235
4166,993	0,237
4184,095	0,237
4235,822	0,235
4253,204	0,235
4270,661	0,235
4323,458	0,235
4323,458	0,234
4341,199	0,234
4449,201	0,234
4449,201	0,233
4467,462	0,233
4541,251	0,232
4616,259	0,230
4616,259	0,228
4635,206	0,228
4750,522	0,226
4770,016	0,226
4770,016	0,225
4789,594	0,224
4969,433	0,221
4989,829	0,221
5010,305	0,221
5134,953	0,220
5134,953	0,219
5156,029	0,218
5305,986	0,217
5327,760	0,217
5437,986	0,216
5460,306	0,216
5550,494	0,214
5573,274	0,214
5596,149	0,214
5758,907	0,212
5782,539	0,212
5806,272	0,212
5999,666	0,211
6024,286	0,209
6073,838	0,209
6098,763	0,209
6276,139	0,206
6301,898	0,206
6327,763	0,206
6327,763	0,205
6405,987	0,204
6432,279	0,203
6458,679	0,203
6592,304	0,201
6619,355	0,201
6867,903	0,199
6867,903	0,198
6952,804	0,198
6981,341	0,198
6981,341	0,198
7273,205	0,195
7303,056	0,195
7333,024	0,194
7363,122	0,194
7608,370	0,192
7702,431	0,191
7894,048	0,190
7894,048	0,189
7894,048	0,188
7894,048	0,188
7926,448	0,187
8024,441	0,185
8190,459	0,182
8190,459	0,181
8224,069	0,181
8532,872	0,180
8567,887	0,180
8603,053	0,180
8889,600	0,180
8926,078	0,180
8962,714	0,180
9223,386	0,180
9414,209	0,180
9452,849	0,180
9491,639	0,180
9569,704	0,178
9648,420	0,178
9688,012	0,178
9767,692	0,177
9807,782	0,176
9929,034	0,174
9969,777	0,174
10176,044	0,171
10217,810	0,171
10259,747	0,171
10301,848	0,171
10644,979	0,169
10688,669	0,168
10732,530	0,168
10954,577	0,166
10999,538	0,166
11273,180	0,164
11319,448	0,163
11412,547	0,163
11744,470	0,162
11792,673	0,162
11841,073	0,162
11889,663	0,161
12135,650	0,160
12185,459	0,160
12386,727	0,158
12437,565	0,158
12591,328	0,157
12642,997	0,157
12694,888	0,156
12904,569	0,154
12957,534	0,154
13389,119	0,153
13389,119	0,152
13778,528	0,149
14006,108	0,147
14121,315	0,147
14179,263	0,146
14532,020	0,145
14532,020	0,144
14772,045	0,144
14832,675	0,144
14893,540	0,144
14954,669	0,144
15389,609	0,141
15389,609	0,140
15902,202	0,138
15967,470	0,138
16032,992	0,138
16703,273	0,136
16703,273	0,136
16771,828	0,136
17048,850	0,135
17472,996	0,134
17544,697	0,133
17616,707	0,133
18129,070	0,131
18203,479	0,131
